* Input *
0.0
0.017453292519943295
0.03490658503988659
0.05235987755982988
0.06981317007977318
0.08726646259971647
0.10471975511965977
0.12217304763960307
0.13962634015954636
0.15707963267948966
0.17453292519943295
0.19198621771937624
0.20943951023931953
0.22689280275926285
0.24434609527920614
0.2617993877991494
0.2792526803190927
0.29670597283903605
0.3141592653589793
0.3316125578789226
0.3490658503988659
0.3665191429188092
0.3839724354387525
0.40142572795869574
0.41887902047863906
0.4363323129985824
0.4537856055185257
0.47123889803846897
0.4886921905584123
0.5061454830783556
0.5235987755982988
0.5410520681182421
0.5585053606381855
0.5759586531581288
0.5934119456780721
0.6108652381980153
0.6283185307179586
0.6457718232379019
0.6632251157578452
0.6806784082777885
0.6981317007977318
0.715584993317675
0.7330382858376184
0.7504915783575616
0.767944870877505
0.7853981633974483
0.8028514559173915
0.8203047484373349
0.8377580409572781
0.8552113334772214
0.8726646259971648
0.890117918517108
0.9075712110370514
0.9250245035569946
0.9424777960769379
0.9599310885968813
0.9773843811168246
0.9948376736367678
1.0122909661567112
1.0297442586766543
1.0471975511965976
1.064650843716541
1.0821041362364843
1.0995574287564276
1.117010721276371
1.1344640137963142
1.1519173063162575
1.1693705988362006
1.1868238913561442
1.2042771838760873
1.2217304763960306
1.239183768915974
1.2566370614359172
1.2740903539558606
1.2915436464758039
1.3089969389957472
1.3264502315156903
1.3439035240356338
1.361356816555577
1.3788101090755203
1.3962634015954636
1.413716694115407
1.43116998663535
1.4486232791552935
1.4660765716752369
1.4835298641951802
1.5009831567151233
1.5184364492350666
1.53588974175501
1.5533430342749535
1.5707963267948966
1.5882496193148399
1.605702911834783
1.6231562043547263
1.6406094968746698
1.6580627893946132
1.6755160819145563
1.6929693744344996
1.710422666954443
1.7278759594743864
_