* Target *
5.0
4.999238475781956
4.9969541350954785
4.993147673772869
4.987820251299121
4.9809734904587275
4.972609476841367
4.96273075820661
4.951340343707852
4.938441702975689
4.92403876506104
4.90813591723832
4.8907380036690284
4.871850323926176
4.851478631379982
4.8296291314453415
4.8063084796915945
4.781523779815177
4.755282581475767
4.727592877996584
4.698463103929543
4.667902132486009
4.635919272833937
4.6025242672622015
4.567727288213004
4.531538935183249
4.493970231495835
4.455032620941839
4.414737964294635
4.373098535696979
4.330127018922194
4.285836503510562
4.24024048078213
4.193352839727121
4.145187862775208
4.095760221444959
4.045084971874737
3.993177550236464
3.94005376803361
3.8857298072848545
3.83022221559489
3.7735479011138606
3.715724127386971
3.656768508095853
3.596699001693256
3.5355339059327378
3.4732918522949867
3.4099918003124925
3.345653031794291
3.2802951449525364
3.2139380484326967
3.1466019552491877
3.0783073766282913
3.009075115760242
2.938926261462366
2.8678821817552307
2.7959645173537337
2.723195175075136
2.6495963211660243
2.5751903745502718
2.5000000000000004
2.4240481012316857
2.347357813929454
2.269952498697734
2.1918557339453875
2.1130913087034973
2.033683215379001
1.9536556424463698
1.8730329670795598
1.791839747726502
1.7101007166283442
1.6278407722857837
1.5450849718747373
1.4618585236136838
1.3781867790849958
1.2940952255126037
1.2096094779983395
1.1247552717193245
1.0395584540887972
0.9540449768827246
0.8682408883346521
0.7821723252011547
0.6958655048003284
0.6093467170257374
0.5226423163382673
0.4357787137382907
0.3487823687206273
0.26167978121471985
0.1744974835125054
0.08726203218641689
3.061616997868383E-16
-0.08726203218641738
-0.17449748351250366
-0.2616797812147181
-0.3487823687206266
-0.4357787137382912
-0.5226423163382666
-0.6093467170257368
-0.6958655048003268
-0.7821723252011552
_